image_width: 640
image_height: 480
camera_name: camera
camera_matrix:
  rows: 3
  cols: 3
  data: [834.11695, 0, 304.93111, 0, 849.5700000000001, 304.56661, 0, 0, 1]
distortion_model: plumb_bob
distortion_coefficients:
  rows: 1
  cols: 5
  data: [0.46388, -0.34243, 0.07861000000000001, -0.00347, 0]
rectification_matrix:
  rows: 3
  cols: 3
  data: [1, 0, 0, 0, 1, 0, 0, 0, 1]
projection_matrix:
  rows: 3
  cols: 4
  data: [910.56232, 0, 304.90183, 0, 0, 888.1593, 322.87661, 0, 0, 0, 1, 0]
